1000
93432
87898
10905
85675
17927
49498
2921
34456
92883
44219
89393
53398
18084
38143
72747
68052
38442
57687
8461
52609
92369
10669
30654
71399
51592
40716
55575
28701
59980
51504
52013
63849
27975
28042
16754
99384
78584
30888
16172
52138
94152
99898
36763
5165
49161
72480
14553
94010
90393
29105
24807
91578
2988
45593
70642
82197
43193
11322
13506
59137
11045
34916
15693
75967
61303
43101
35653
89930
50232
8969
82345
53212
53208
78288
81568
98799
77015
44674
64512
29689
39065
79094
34089
72480
61425
12818
43424
84036
5465
11948
41168
37981
5347
9365
69970
49515
87974
8937
30792
67218
71881
52393
31444
30762
95531
19875
65005
77388
53501
77379
56629
76713
13463
84501
27164
60726
98363
93874
41567
15668
32446
50853
65052
72755
41732
92809
95594
56089
49083
6432
78733
19453
44110
77301
91584
83067
24824
4471
58615
86443
59300
37732
67773
58125
17012
49856
99210
53960
81596
26264
71432
60313
36118
56354
60349
87962
43224
19242
43670
23861
14109
95470
40515
43698
90655
85630
86974
55410
9858
94103
50495
8317
53059
78308
10294
64546
33964
38699
76395
57719
17555
9104
18161
89726
92553
17920
8275
83752
53486
78722
26012
21115
78083
88635
82091
8637
62850
20596
7150
78791
44834
21315
36223
57108
25292
32072
51413
38289
83292
57904
16905
22073
44304
65570
91386
34465
41535
80771
61507
73557
5269
9108
10192
95386
91266
21704
41843
69556
18464
26529
36688
92074
74085
50012
78154
54747
80851
44152
11535
71886
21646
67525
74732
86803
74558
39567
29203
12625
66938
41738
10992
84019
56620
53080
77935
75081
64158
36512
559
8201
90363
31030
33771
46764
51825
26265
99432
29898
63642
15719
74362
56628
97635
23338
13754
21231
65695
46191
41498
18553
28404
10553
73512
71145
83282
31686
92252
11843
95971
97343
49828
54840
32109
9626
2696
2645
24663
21855
13244
30184
76475
31921
62415
92454
17823
2190
70391
24199
70524
13974
66056
87997
70788
62006
73710
43512
61540
92948
97809
40551
50247
29752
32772
54330
1832
91642
26962
28311
79842
5304
97303
2580
91479
94835
74303
51127
60311
88913
13434
20657
32970
95261
56918
7813
31382
43361
80344
90857
64668
11938
44711
23196
32197
33963
81167
22685
16367
34716
43647
9614
93360
59658
71203
6898
91470
92408
20542
52071
72922
50830
49641
50075
31557
3405
63529
76604
14969
93746
16710
22548
42594
54520
13419
74264
62983
73211
21199
24137
89230
42591
32328
50169
84410
2466
98630
62844
6423
35905
34997
9227
74583
39507
33011
5772
32300
70018
8750
99455
84268
64569
19103
40145
15856
66085
31220
15108
46304
33087
23121
58296
14379
62081
8730
40496
25107
55744
6643
89925
28710
63781
91748
58887
94577
36912
35639
67405
706
88106
46372
26838
73109
22048
397
72652
75461
61480
69831
99369
25042
47103
94076
25040
68093
35191
5285
31486
94206
40437
95378
23495
75066
78850
64589
17224
62105
51345
78164
84192
54723
61546
14868
1374
42636
7168
26218
75647
28621
16074
17546
42260
74841
78060
98921
86120
43998
82376
27221
89267
37454
12290
3788
13581
96447
29530
67608
66246
70535
48570
49555
56667
69462
4565
57224
81717
78821
18036
32932
90840
71956
57752
12352
10894
43624
45325
67517
24623
94369
27672
73742
81204
71410
20687
39881
61883
22868
81939
19092
40065
44984
61204
34830
35451
74643
30326
39233
49690
85507
93126
22113
85547
30442
73929
62122
18321
77828
52163
95485
31366
27539
40083
693
25385
36944
74332
67940
27442
99816
42710
22285
37546
15163
7627
87581
81806
43008
9384
49176
89841
69361
70478
93785
41523
66387
34385
32446
86275
15729
71693
81650
87089
73764
53865
6
17484
78079
63921
47197
39694
9218
26214
94656
18956
30688
89079
27408
32015
60715
54843
89481
11195
39195
17223
37872
80504
7393
20928
76847
70194
30890
95755
94425
30039
26655
65669
26702
6682
20379
26729
88389
254
18927
96462
80109
52691
49447
61498
4934
51821
61951
36917
16828
47863
90283
62713
6986
35445
65215
64879
95990
36645
38744
65756
39845
94662
54818
62985
8600
163
915
55508
8328
31474
77796
42331
53397
35609
87519
19463
56672
61898
68609
67432
48090
50231
5346
26258
21488
32227
87434
36744
67638
67348
23213
93244
39248
45176
84386
63288
94726
44371
85684
17852
52997
35751
91422
768
23058
51504
30973
90330
19135
9670
34398
50619
77732
90102
68906
69637
55658
32886
76721
14923
99508
72449
88585
27181
71693
76805
87499
19561
73068
3997
80272
59453
93235
47732
55473
29057
59987
43405
16561
73455
55792
43114
97088
65476
58761
2817
49739
66512
52992
20834
14768
10054
62949
83242
94599
66172
58527
57549
21424
34634
43746
84977
41631
55305
85020
4331
94802
13603
38319
70964
99287
25468
90471
32330
31771
97688
39216
94279
85918
48848
87600
34052
66959
64897
9892
55814
78361
83352
68224
47367
4712
25489
71679
16136
55507
73914
36723
94033
45766
72199
14102
23614
45464
72983
47972
5580
35594
33198
70756
58838
14619
95524
54753
70432
76163
36270
19652
17232
65552
9509
5481
18326
97646
45888
62116
64491
16015
3277
95322
54087
50388
45942
81402
75367
89181
57954
99591
16618
63885
85689
94828
31723
35136
74399
61022
68529
83825
47274
3462
85773
73982
33681
6604
87634
76817
58262
66769
71195
52662
98396
32250
98490
39119
88973
37493
95299
99590
69040
59879
20984
92434
49850
18011
49095
5321
95763
4738
10293
95952
46100
68051
85238
37639
26908
52636
59219
72253
83346
29403
19400
20138
9815
49575
31123
90238
56144
19096
14907
86064
6297
31387
7666
26075
821
10131
91063
86416
94005
9038
40399
33699
59733
38606
51740
64311
30361
2084
24551
15844
25066
4205
51185
40961
50238
89809
91378
20659
10022
49134
10617
71139
94169
40808
16918
92600
508
24260
16872
86533
5655
98335
76359
93815
2848
48076
91281
62962
20539
79351
28318
70232
13280
13515
62821
67829
85262
58584
44715
25798
47274
57386
21555
99572
28540
17121
90479
54498
3808
48744
70971
97917
42017
56495
82207
77408
26112
73571
24824
59925
92160
95224
47952
39362
71882
44510
1912
86679
9280
132
78028
16293
24295
13329
25646
67522
24534
34152
80232
56146
77800
43439
1563
68521
89947
1798
54174
32173
66397
8433
35706
55846
32819
99044
79811
20563
92070
30252
70307
